cam_model: Pinhole
cam_width: 1280
cam_height: 1024

cam_fx: 3307.14974529182
cam_fy: 3309.48543572787
cam_cx: 705.473772999379
cam_cy: 527.392642041207
cam_d0: -0.204787953655916
cam_d1: -0.0320519459069841
cam_d2: -0.000395006472233232
cam_d3: 0.00225328808918499
