image_width: 1280
image_height: 1024
camera_name: right
camera_matrix:
   rows: 3
   cols: 3
   data: [3289.29059927731, 0, 690.312115439148, 0, 3293.30688920301,
534.764967526671, 0, 0, 1]
distortion_model: plumb_bob
distortion_coefficients:
   rows: 1
   cols: 5
   data: [-0.199626147736848, -0.0278720846937788, -0.00133984043792741,
0.00176054528915072, 0]
rectification_matrix:
   rows: 3
   cols: 3
   data: [0.999328717500452, 0.00208331067183515, 0.0365755956280553,
-0.00206264782278419, 0.999997691139613, -0.000602660270738995,
-0.0365767667086849, 0.000526813142756828, 0.999330707326184]
projection_matrix:
   rows: 3
   cols: 4
   data: [3192.68680920959, 0, 571.05542755127, -1758.91000893059, 0,
3192.68680920959, 530.941833496094, 0, 0, 0, 1, 0]
